0 17 179 17 1
0 18 179 18 1
0 19 179 19 1
0 20 179 20 1
0 21 179 21 1
0 22 179 22 1
0 23 179 23 1
0 24 179 24 1
0 25 179 25 1
0 26 179 26 1
0 27 179 27 1
0 28 179 28 1
0 29 179 29 1
0 30 179 30 1
0 31 179 31 1
0 32 179 32 1
0 33 179 33 1
0 34 179 34 1
0 35 179 35 1
0 36 179 36 1
0 37 179 37 1
0 38 179 38 1
0 39 179 39 1
0 40 179 40 1
0 41 179 41 1
0 42 179 42 1
0 43 179 43 1
0 44 179 44 1
0 45 179 45 1
0 46 179 46 1
0 47 179 47 1
0 48 179 48 1
0 49 179 49 1
0 50 179 50 1
0 51 179 51 1
0 52 179 52 1
0 53 179 53 1
0 54 179 54 1
0 55 179 55 1
0 56 179 56 1
0 57 179 57 1
0 58 179 58 1
0 59 179 59 1
0 60 179 60 1
0 61 179 61 1
0 62 179 62 1
0 63 179 63 1
0 64 179 64 1
0 65 179 65 1
0 66 179 66 1
0 67 179 67 1
0 68 179 68 1
0 69 179 69 1
0 70 179 70 1
0 71 179 71 1
0 72 179 72 1
0 73 179 73 1
0 74 179 74 1
0 75 179 75 1
0 76 179 76 1
0 77 179 77 1
0 78 179 78 1
0 79 179 79 1
0 80 179 80 1
0 81 179 81 1
0 82 179 82 1
0 83 179 83 1
0 84 179 84 1
0 85 179 85 1
0 86 179 86 1
0 87 179 87 1
0 88 179 88 1
0 89 179 89 1
0 90 179 90 1
0 91 179 91 1
0 92 179 92 1
0 93 179 93 1
0 94 179 94 1
0 95 179 95 1
0 96 179 96 1
0 97 179 97 1
0 98 179 98 1
0 99 179 99 1
0 100 179 100 1
0 101 179 101 1
0 102 179 102 1
0 103 179 103 1
0 104 179 104 1
0 105 179 105 1
0 106 179 106 1
0 107 179 107 1
0 108 179 108 1
0 109 179 109 1
0 110 179 110 1
0 111 179 111 1
0 112 179 112 1
0 113 179 113 1
0 114 179 114 1
0 115 179 115 1
0 116 179 116 1
0 117 179 117 1
0 118 179 118 1
0 119 179 119 1
0 120 179 120 1
0 121 179 121 1
0 122 179 122 1
0 123 179 123 1
0 124 179 124 1
0 125 179 125 1
0 126 179 126 1
0 127 179 127 1
0 128 179 128 1
0 129 179 129 1
0 130 179 130 1
0 131 179 131 1
0 132 179 132 1
0 133 179 133 1
0 134 179 134 1
0 135 179 135 1
0 136 179 136 1
0 137 179 137 1
0 138 179 138 1
0 139 179 139 1
0 140 179 140 1
0 141 179 141 1
0 142 179 142 1
0 143 179 143 1
0 144 179 144 1
0 145 179 145 1
0 146 179 146 1
0 147 179 147 1
0 148 179 148 1
0 149 179 149 1
0 150 179 150 1
0 151 179 151 1
0 152 179 152 1
0 153 179 153 1
0 154 179 154 1
0 155 179 155 1
0 156 179 156 1
0 157 179 157 1
0 158 179 158 1
0 159 179 159 1
0 160 179 160 1
0 161 179 161 1
0 162 179 162 1
0 163 179 163 1
0 164 179 164 1
0 165 179 165 1
0 166 179 166 1
0 167 179 167 1
0 168 179 168 1
0 169 179 169 1
0 170 179 170 1
0 171 179 171 1
0 172 179 172 1
0 173 179 173 1
0 174 179 174 1
0 175 179 175 1
0 176 179 176 1
0 177 179 177 1
0 178 179 178 1
0 179 179 179 1
0 180 179 180 1
0 181 179 181 1
0 182 179 182 1
0 183 179 183 1
0 184 179 184 1
0 185 179 185 1
0 186 179 186 1
0 187 179 187 1
0 188 179 188 1
0 189 179 189 1
0 190 179 190 1
0 191 179 191 1
0 192 179 192 1
0 193 179 193 1
0 194 179 194 1
0 195 179 195 1
0 196 179 196 1
0 197 179 197 1
0 198 179 198 1
0 199 179 199 1
0 200 179 200 1
0 201 179 201 1
0 202 179 202 1
0 203 179 203 1
0 204 179 204 1
0 205 179 205 1
0 206 179 206 1
0 207 179 207 1
0 208 179 208 1
0 209 179 209 1
0 210 179 210 1
0 211 179 211 1
0 212 179 212 1
0 213 179 213 1
0 214 179 214 1
0 215 179 215 1
0 216 179 216 1
0 217 179 217 1
0 218 179 218 1
0 219 179 219 1
0 220 179 220 1
0 221 179 221 1
0 222 179 222 1
0 223 179 223 1
0 224 179 224 1
0 225 179 225 1
0 226 179 226 1
0 227 179 227 1
0 228 179 228 1
0 229 179 229 1
0 230 179 230 1
0 231 179 231 1
0 232 179 232 1
0 233 179 233 1
0 234 179 234 1
0 235 179 235 1
0 236 179 236 1
0 237 179 237 1
0 238 179 238 1
0 239 179 239 1
0 240 179 240 1
0 241 179 241 1
0 242 179 242 1
0 243 179 243 1
0 244 179 244 1
0 245 179 245 1
0 246 179 246 1
0 247 179 247 1
0 248 179 248 1
0 249 179 249 1
0 250 179 250 1
0 251 179 251 1
0 252 179 252 1
0 253 179 253 1
0 254 179 254 1
0 255 179 255 1
0 256 179 256 1
0 257 179 257 1
0 258 179 258 1
0 259 179 259 1
119 17 0 17 3
119 18 0 18 3
119 19 0 19 3
119 20 0 20 3
119 21 0 21 3
119 22 0 22 3
119 23 0 23 3
119 24 0 24 3
119 25 0 25 3
119 26 0 26 3
119 27 0 27 3
119 28 0 28 3
119 29 0 29 3
119 30 0 30 3
119 31 0 31 3
119 32 0 32 3
119 33 0 33 3
119 34 0 34 3
119 35 0 35 3
119 36 0 36 3
119 37 0 37 3
119 38 0 38 3
119 39 0 39 3
119 40 0 40 3
119 41 0 41 3
119 42 0 42 3
119 43 0 43 3
119 44 0 44 3
119 45 0 45 3
119 46 0 46 3
119 47 0 47 3
119 48 0 48 3
119 49 0 49 3
119 50 0 50 3
119 51 0 51 3
119 52 0 52 3
119 53 0 53 3
119 54 0 54 3
119 55 0 55 3
119 56 0 56 3
119 57 0 57 3
119 58 0 58 3
119 59 0 59 3
119 60 0 60 3
119 61 0 61 3
119 62 0 62 3
119 63 0 63 3
119 64 0 64 3
119 65 0 65 3
119 66 0 66 3
119 67 0 67 3
119 68 0 68 3
119 69 0 69 3
119 70 0 70 3
119 71 0 71 3
119 72 0 72 3
119 73 0 73 3
119 74 0 74 3
119 75 0 75 3
119 76 0 76 3
119 77 0 77 3
119 78 0 78 3
119 79 0 79 3
119 80 0 80 3
119 81 0 81 3
119 82 0 82 3
119 83 0 83 3
119 84 0 84 3
119 85 0 85 3
119 86 0 86 3
119 87 0 87 3
119 88 0 88 3
119 89 0 89 3
119 90 0 90 3
119 91 0 91 3
119 92 0 92 3
119 177 0 177 3
119 178 0 178 3
119 179 0 179 3
119 180 0 180 3
119 181 0 181 3
119 182 0 182 3
119 183 0 183 3
119 184 0 184 3
119 185 0 185 3
119 186 0 186 3
119 187 0 187 3
119 188 0 188 3
119 189 0 189 3
119 190 0 190 3
119 191 0 191 3
119 192 0 192 3
119 193 0 193 3
119 194 0 194 3
119 195 0 195 3
119 196 0 196 3
119 197 0 197 3
119 198 0 198 3
119 199 0 199 3
119 200 0 200 3
119 201 0 201 3
119 202 0 202 3
119 203 0 203 3
119 204 0 204 3
119 205 0 205 3
119 206 0 206 3
119 207 0 207 3
119 208 0 208 3
119 209 0 209 3
119 210 0 210 3
119 211 0 211 3
119 212 0 212 3
119 213 0 213 3
119 214 0 214 3
119 215 0 215 3
119 216 0 216 3
119 217 0 217 3
119 218 0 218 3
119 219 0 219 3
119 220 0 220 3
119 221 0 221 3
119 222 0 222 3
119 223 0 223 3
119 224 0 224 3
119 225 0 225 3
119 226 0 226 3
119 227 0 227 3
119 228 0 228 3
119 229 0 229 3
119 230 0 230 3
119 231 0 231 3
119 232 0 232 3
119 233 0 233 3
119 234 0 234 3
119 235 0 235 3
119 236 0 236 3
119 237 0 237 3
119 238 0 238 3
119 239 0 239 3
119 240 0 240 3
119 241 0 241 3
119 242 0 242 3
119 243 0 243 3
119 244 0 244 3
119 245 0 245 3
119 246 0 246 3
119 247 0 247 3
119 248 0 248 3
119 249 0 249 3
119 250 0 250 3
119 251 0 251 3
119 252 0 252 3
119 253 0 253 3
119 254 0 254 3
119 255 0 255 3
119 256 0 256 3
119 257 0 257 3
119 258 0 258 3
119 259 0 259 3
