179 17 0 17 2
179 18 0 18 2
179 19 0 19 2
179 20 0 20 2
179 21 0 21 2
179 22 0 22 2
179 23 0 23 2
179 24 0 24 2
179 25 0 25 2
179 26 0 26 2
179 27 0 27 2
179 28 0 28 2
179 29 0 29 2
179 30 0 30 2
179 31 0 31 2
179 32 0 32 2
179 33 0 33 2
179 34 0 34 2
179 35 0 35 2
179 36 0 36 2
179 37 0 37 2
179 38 0 38 2
179 39 0 39 2
179 40 0 40 2
179 41 0 41 2
179 42 0 42 2
179 43 0 43 2
179 44 0 44 2
179 45 0 45 2
179 46 0 46 2
179 47 0 47 2
179 48 0 48 2
179 49 0 49 2
179 50 0 50 2
179 51 0 51 2
179 52 0 52 2
179 53 0 53 2
179 54 0 54 2
179 55 0 55 2
179 56 0 56 2
179 57 0 57 2
179 58 0 58 2
179 59 0 59 2
179 60 0 60 2
179 61 0 61 2
179 62 0 62 2
179 63 0 63 2
179 64 0 64 2
179 65 0 65 2
179 66 0 66 2
179 67 0 67 2
179 68 0 68 2
179 69 0 69 2
179 70 0 70 2
179 71 0 71 2
179 72 0 72 2
179 73 0 73 2
179 74 0 74 2
179 75 0 75 2
179 76 0 76 2
179 77 0 77 2
179 78 0 78 2
179 79 0 79 2
179 80 0 80 2
179 81 0 81 2
179 82 0 82 2
179 83 0 83 2
179 84 0 84 2
179 85 0 85 2
179 86 0 86 2
179 87 0 87 2
179 88 0 88 2
179 89 0 89 2
179 90 0 90 2
179 91 0 91 2
179 92 0 92 2
179 93 0 93 2
179 94 0 94 2
179 95 0 95 2
179 96 0 96 2
179 97 0 97 2
179 98 0 98 2
179 99 0 99 2
179 100 0 100 2
179 101 0 101 2
179 102 0 102 2
179 103 0 103 2
179 104 0 104 2
179 105 0 105 2
179 106 0 106 2
179 107 0 107 2
179 108 0 108 2
179 109 0 109 2
179 110 0 110 2
179 111 0 111 2
179 112 0 112 2
179 113 0 113 2
179 114 0 114 2
179 115 0 115 2
179 116 0 116 2
179 117 0 117 2
179 118 0 118 2
179 119 0 119 2
179 120 0 120 2
179 121 0 121 2
179 122 0 122 2
179 123 0 123 2
179 124 0 124 2
179 125 0 125 2
179 126 0 126 2
179 127 0 127 2
179 128 0 128 2
179 129 0 129 2
179 130 0 130 2
179 131 0 131 2
179 132 0 132 2
179 133 0 133 2
179 134 0 134 2
179 135 0 135 2
179 136 0 136 2
179 137 0 137 2
179 138 0 138 2
179 139 0 139 2
179 140 0 140 2
179 141 0 141 2
179 142 0 142 2
179 143 0 143 2
179 144 0 144 2
179 145 0 145 2
179 146 0 146 2
179 147 0 147 2
179 148 0 148 2
179 149 0 149 2
179 150 0 150 2
179 151 0 151 2
179 152 0 152 2
179 153 0 153 2
179 154 0 154 2
179 155 0 155 2
179 156 0 156 2
179 157 0 157 2
179 158 0 158 2
179 159 0 159 2
179 160 0 160 2
179 161 0 161 2
179 162 0 162 2
179 163 0 163 2
179 164 0 164 2
179 165 0 165 2
179 166 0 166 2
179 167 0 167 2
179 168 0 168 2
179 169 0 169 2
179 170 0 170 2
179 171 0 171 2
179 172 0 172 2
179 173 0 173 2
179 174 0 174 2
179 175 0 175 2
179 176 0 176 2
179 177 0 177 2
179 178 0 178 2
179 179 0 179 2
179 180 0 180 2
179 181 0 181 2
179 182 0 182 2
179 183 0 183 2
179 184 0 184 2
179 185 0 185 2
179 186 0 186 2
179 187 0 187 2
179 188 0 188 2
179 189 0 189 2
179 190 0 190 2
179 191 0 191 2
179 192 0 192 2
179 193 0 193 2
179 194 0 194 2
179 195 0 195 2
179 196 0 196 2
179 197 0 197 2
179 198 0 198 2
179 199 0 199 2
179 200 0 200 2
179 201 0 201 2
179 202 0 202 2
179 203 0 203 2
179 204 0 204 2
179 205 0 205 2
179 206 0 206 2
179 207 0 207 2
179 208 0 208 2
179 209 0 209 2
179 210 0 210 2
179 211 0 211 2
179 212 0 212 2
179 213 0 213 2
179 214 0 214 2
179 215 0 215 2
179 216 0 216 2
179 217 0 217 2
179 218 0 218 2
179 219 0 219 2
179 220 0 220 2
179 221 0 221 2
179 222 0 222 2
179 223 0 223 2
179 224 0 224 2
179 225 0 225 2
179 226 0 226 2
179 227 0 227 2
179 228 0 228 2
179 229 0 229 2
179 230 0 230 2
179 231 0 231 2
179 232 0 232 2
179 233 0 233 2
179 234 0 234 2
179 235 0 235 2
179 236 0 236 2
179 237 0 237 2
179 238 0 238 2
179 239 0 239 2
179 240 0 240 2
179 241 0 241 2
179 242 0 242 2
179 243 0 243 2
179 244 0 244 2
179 245 0 245 2
179 246 0 246 2
179 247 0 247 2
179 248 0 248 2
179 249 0 249 2
179 250 0 250 2
179 251 0 251 2
179 252 0 252 2
179 253 0 253 2
179 254 0 254 2
179 255 0 255 2
179 256 0 256 2
179 257 0 257 2
179 258 0 258 2
179 259 0 259 2
