0 17 119 17 2
0 18 119 18 2
0 19 119 19 2
0 20 119 20 2
0 21 119 21 2
0 22 119 22 2
0 23 119 23 2
0 24 119 24 2
0 25 119 25 2
0 26 119 26 2
0 27 119 27 2
0 28 119 28 2
0 29 119 29 2
0 30 119 30 2
0 31 119 31 2
0 32 119 32 2
0 33 119 33 2
0 34 119 34 2
0 35 119 35 2
0 36 119 36 2
0 37 119 37 2
0 38 119 38 2
0 39 119 39 2
0 40 119 40 2
0 41 119 41 2
0 42 119 42 2
0 43 119 43 2
0 44 119 44 2
0 45 119 45 2
0 46 119 46 2
0 47 119 47 2
0 48 119 48 2
0 49 119 49 2
0 50 119 50 2
0 51 119 51 2
0 52 119 52 2
0 53 119 53 2
0 54 119 54 2
0 55 119 55 2
0 56 119 56 2
0 57 119 57 2
0 58 119 58 2
0 59 119 59 2
0 60 119 60 2
0 61 119 61 2
0 62 119 62 2
0 63 119 63 2
0 64 119 64 2
0 65 119 65 2
0 66 119 66 2
0 67 119 67 2
0 68 119 68 2
0 69 119 69 2
0 70 119 70 2
0 71 119 71 2
0 72 119 72 2
0 73 119 73 2
0 74 119 74 2
0 75 119 75 2
0 76 119 76 2
0 77 119 77 2
0 78 119 78 2
0 79 119 79 2
0 80 119 80 2
0 81 119 81 2
0 82 119 82 2
0 83 119 83 2
0 84 119 84 2
0 85 119 85 2
0 86 119 86 2
0 87 119 87 2
0 88 119 88 2
0 89 119 89 2
0 90 119 90 2
0 91 119 91 2
0 92 119 92 2
0 177 119 177 2
0 178 119 178 2
0 179 119 179 2
0 180 119 180 2
0 181 119 181 2
0 182 119 182 2
0 183 119 183 2
0 184 119 184 2
0 185 119 185 2
0 186 119 186 2
0 187 119 187 2
0 188 119 188 2
0 189 119 189 2
0 190 119 190 2
0 191 119 191 2
0 192 119 192 2
0 193 119 193 2
0 194 119 194 2
0 195 119 195 2
0 196 119 196 2
0 197 119 197 2
0 198 119 198 2
0 199 119 199 2
0 200 119 200 2
0 201 119 201 2
0 202 119 202 2
0 203 119 203 2
0 204 119 204 2
0 205 119 205 2
0 206 119 206 2
0 207 119 207 2
0 208 119 208 2
0 209 119 209 2
0 210 119 210 2
0 211 119 211 2
0 212 119 212 2
0 213 119 213 2
0 214 119 214 2
0 215 119 215 2
0 216 119 216 2
0 217 119 217 2
0 218 119 218 2
0 219 119 219 2
0 220 119 220 2
0 221 119 221 2
0 222 119 222 2
0 223 119 223 2
0 224 119 224 2
0 225 119 225 2
0 226 119 226 2
0 227 119 227 2
0 228 119 228 2
0 229 119 229 2
0 230 119 230 2
0 231 119 231 2
0 232 119 232 2
0 233 119 233 2
0 234 119 234 2
0 235 119 235 2
0 236 119 236 2
0 237 119 237 2
0 238 119 238 2
0 239 119 239 2
0 240 119 240 2
0 241 119 241 2
0 242 119 242 2
0 243 119 243 2
0 244 119 244 2
0 245 119 245 2
0 246 119 246 2
0 247 119 247 2
0 248 119 248 2
0 249 119 249 2
0 250 119 250 2
0 251 119 251 2
0 252 119 252 2
0 253 119 253 2
0 254 119 254 2
0 255 119 255 2
0 256 119 256 2
0 257 119 257 2
0 258 119 258 2
0 259 119 259 2
