0 32 23 92 5
0 33 23 93 5
0 34 23 94 5
0 35 23 95 5
0 36 23 96 5
0 37 23 97 5
0 38 23 98 5
0 39 23 99 5
0 40 23 100 5
0 41 23 101 5
0 42 23 102 5
0 43 23 103 5
0 44 23 104 5
0 45 23 105 5
0 46 23 106 5
0 47 23 107 5
0 48 23 108 5
0 49 23 109 5
0 50 23 110 5
0 51 23 111 5
0 52 23 112 5
0 53 23 113 5
0 54 23 114 5
0 55 23 115 5
0 56 23 116 5
0 57 23 117 5
0 58 23 118 5
0 59 23 119 5
0 60 23 120 5
0 61 23 121 5
0 62 23 122 5
0 63 23 123 5
0 64 23 124 5
0 65 23 125 5
0 66 23 126 5
0 67 23 127 5
0 68 23 128 5
0 69 23 129 5
0 70 23 130 5
0 71 23 131 5
0 72 23 132 5
0 73 23 133 5
0 74 23 134 5
0 75 23 135 5
0 76 23 136 5
0 77 23 137 5
0 78 23 138 5
0 79 23 139 5
0 80 23 140 5
0 81 23 141 5
0 82 23 142 5
0 83 23 143 5
0 84 23 144 5
0 85 23 145 5
0 86 23 146 5
0 87 23 147 5
0 88 23 148 5
0 89 23 149 5
0 90 23 150 5
0 91 23 151 5
0 92 23 152 5
0 93 23 153 5
133 3 33 0 7
134 3 34 0 7
135 3 35 0 7
136 3 36 0 7
137 3 37 0 7
138 3 38 0 7
139 3 39 0 7
140 3 40 0 7
141 3 41 0 7
142 3 42 0 7
143 3 43 0 7
144 3 44 0 7
145 3 45 0 7
146 3 46 0 7
147 3 47 0 7
148 3 48 0 7
149 3 49 0 7
150 3 50 0 7
151 3 51 0 7
152 3 52 0 7
153 3 53 0 7
154 3 54 0 7
155 3 55 0 7
156 3 56 0 7
157 3 57 0 7
158 3 58 0 7
159 3 59 0 7
160 3 60 0 7
161 3 61 0 7
162 3 62 0 7
163 3 63 0 7
164 3 64 0 7
165 3 65 0 7
166 3 66 0 7
167 3 67 0 7
168 3 68 0 7
169 3 69 0 7
170 3 70 0 7
171 3 71 0 7
172 3 72 0 7
173 3 73 0 7
174 3 74 0 7
175 3 75 0 7
176 3 76 0 7
177 3 77 0 7
178 3 78 0 7
179 3 79 0 7
180 3 80 0 7
181 3 81 0 7
182 3 82 0 7
183 3 83 0 7
184 3 84 0 7
185 3 85 0 7
186 3 86 0 7
187 3 87 0 7
188 3 88 0 7
189 3 89 0 7
190 3 90 0 7
191 3 91 0 7
192 3 92 0 7
193 3 93 0 7
194 3 94 0 7
195 3 95 0 7
196 3 96 0 7
197 3 97 0 7
198 3 98 0 7
199 3 99 0 7
200 3 100 0 7
201 3 101 0 7
202 3 102 0 7
203 3 103 0 7
204 3 104 0 7
205 3 105 0 7
206 3 106 0 7
207 3 107 0 7
208 3 108 0 7
209 3 109 0 7
210 3 110 0 7
211 3 111 0 7
212 3 112 0 7
213 3 113 0 7
214 3 114 0 7
215 3 115 0 7
216 3 116 0 7
217 3 117 0 7
218 3 118 0 7
219 3 119 0 7
220 3 120 0 7
221 3 121 0 7
222 3 122 0 7
223 3 123 0 7
224 3 124 0 7
225 3 125 0 7
226 3 126 0 7
227 3 127 0 7
228 3 128 0 7
229 3 129 0 7
230 3 130 0 7
231 3 131 0 7
232 3 132 0 7
233 3 133 0 7
234 3 134 0 7
235 3 135 0 7
236 3 136 0 7
237 3 137 0 7
134 0 54 179 8
135 0 55 179 8
136 0 56 179 8
137 0 57 179 8
138 0 58 179 8
139 0 59 179 8
140 0 60 179 8
141 0 61 179 8
142 0 62 179 8
143 0 63 179 8
144 0 64 179 8
145 0 65 179 8
146 0 66 179 8
147 0 67 179 8
148 0 68 179 8
149 0 69 179 8
150 0 70 179 8
151 0 71 179 8
152 0 72 179 8
153 0 73 179 8
154 0 74 179 8
155 0 75 179 8
156 0 76 179 8
157 0 77 179 8
158 0 78 179 8
159 0 79 179 8
160 0 80 179 8
161 0 81 179 8
162 0 82 179 8
163 0 83 179 8
164 0 84 179 8
165 0 85 179 8
166 0 86 179 8
167 0 87 179 8
168 0 88 179 8
169 0 89 179 8
170 0 90 179 8
171 0 91 179 8
172 0 92 179 8
173 0 93 179 8
174 0 94 179 8
175 0 95 179 8
176 0 96 179 8
177 0 97 179 8
178 0 98 179 8
179 0 99 179 8
180 0 100 179 8
181 0 101 179 8
182 0 102 179 8
183 0 103 179 8
184 0 104 179 8
185 0 105 179 8
186 0 106 179 8
187 0 107 179 8
188 0 108 179 8
189 0 109 179 8
190 0 110 179 8
191 0 111 179 8
192 0 112 179 8
193 0 113 179 8
194 0 114 179 8
195 0 115 179 8
196 0 116 179 8
197 0 117 179 8
198 0 118 179 8
199 0 119 179 8
200 0 120 179 8
201 0 121 179 8
202 0 122 179 8
203 0 123 179 8
204 0 124 179 8
205 0 125 179 8
206 0 126 179 8
207 0 127 179 8
208 0 128 179 8
209 0 129 179 8
210 0 130 179 8
211 0 131 179 8
212 0 132 179 8
213 0 133 179 8
214 0 134 179 8
215 0 135 179 8
216 0 136 179 8
217 0 137 179 8
218 0 138 179 8
219 0 139 179 8
220 0 140 179 8
221 0 141 179 8
222 0 142 179 8
223 0 143 179 8
224 0 144 179 8
225 0 145 179 8
226 0 146 179 8
227 0 147 179 8
228 0 148 179 8
229 0 149 179 8
230 0 150 179 8
231 0 151 179 8
232 0 152 179 8
233 0 153 179 8
234 0 154 179 8
235 0 155 179 8
236 0 156 179 8
237 0 157 179 8
