279 133 0 73 2
279 134 0 74 2
279 135 0 75 2
279 136 0 76 2
279 137 0 77 2
279 138 0 78 2
279 139 0 79 2
279 140 0 80 2
279 141 0 81 2
279 142 0 82 2
279 143 0 83 2
279 144 0 84 2
279 145 0 85 2
279 146 0 86 2
279 147 0 87 2
279 148 0 88 2
279 149 0 89 2
279 150 0 90 2
279 151 0 91 2
279 152 0 92 2
279 153 0 93 2
279 154 0 94 2
279 155 0 95 2
279 156 0 96 2
279 157 0 97 2
279 158 0 98 2
279 159 0 99 2
279 160 0 100 2
279 161 0 101 2
279 162 0 102 2
279 163 0 103 2
279 164 0 104 2
279 165 0 105 2
279 166 0 106 2
279 167 0 107 2
279 168 0 108 2
279 169 0 109 2
279 170 0 110 2
279 171 0 111 2
279 172 0 112 2
279 173 0 113 2
279 174 0 114 2
279 175 0 115 2
279 176 0 116 2
279 177 0 117 2
279 178 0 118 2
279 179 0 119 2
279 180 0 120 2
279 181 0 121 2
279 182 0 122 2
279 183 0 123 2
279 184 0 124 2
279 185 0 125 2
279 186 0 126 2
279 187 0 127 2
279 188 0 128 2
279 189 0 129 2
279 190 0 130 2
279 191 0 131 2
279 192 0 132 2
279 193 0 133 2
279 194 0 134 2
279 195 0 135 2
279 196 0 136 2
279 197 0 137 2
279 198 0 138 2
279 199 0 139 2
279 200 0 140 2
279 201 0 141 2
279 202 0 142 2
279 203 0 143 2
279 204 0 144 2
279 205 0 145 2
279 206 0 146 2
279 207 0 147 2
279 208 0 148 2
279 209 0 149 2
279 210 0 150 2
279 211 0 151 2
279 212 0 152 2
279 213 0 153 2
279 214 0 154 2
77 183 17 0 4
78 183 18 0 4
79 183 19 0 4
80 183 20 0 4
81 183 21 0 4
82 183 22 0 4
83 183 23 0 4
84 183 24 0 4
85 183 25 0 4
86 183 26 0 4
87 183 27 0 4
88 183 28 0 4
89 183 29 0 4
90 183 30 0 4
91 183 31 0 4
92 183 32 0 4
93 183 33 0 4
94 183 34 0 4
95 183 35 0 4
96 183 36 0 4
97 183 37 0 4
98 183 38 0 4
99 183 39 0 4
100 183 40 0 4
101 183 41 0 4
102 183 42 0 4
103 183 43 0 4
104 183 44 0 4
105 183 45 0 4
106 183 46 0 4
107 183 47 0 4
108 183 48 0 4
109 183 49 0 4
110 183 50 0 4
111 183 51 0 4
112 183 52 0 4
113 183 53 0 4
114 183 54 0 4
115 183 55 0 4
116 183 56 0 4
117 183 57 0 4
118 183 58 0 4
119 183 59 0 4
120 183 60 0 4
121 183 61 0 4
122 183 62 0 4
123 183 63 0 4
124 183 64 0 4
125 183 65 0 4
126 183 66 0 4
127 183 67 0 4
128 183 68 0 4
129 183 69 0 4
130 183 70 0 4
131 183 71 0 4
132 183 72 0 4
133 183 73 0 4
134 183 74 0 4
135 183 75 0 4
136 183 76 0 4
137 183 77 0 4
138 183 78 0 4
139 183 79 0 4
140 183 80 0 4
141 183 81 0 4
142 183 82 0 4
143 183 83 0 4
144 183 84 0 4
145 183 85 0 4
146 183 86 0 4
147 183 87 0 4
148 183 88 0 4
149 183 89 0 4
150 183 90 0 4
151 183 91 0 4
152 183 92 0 4
153 183 93 0 4
154 183 94 0 4
155 183 95 0 4
156 183 96 0 4
157 183 97 0 4
158 183 98 0 4
159 183 99 0 4
160 183 100 0 4
161 183 101 0 4
162 183 102 0 4
163 183 103 0 4
164 183 104 0 4
165 183 105 0 4
166 183 106 0 4
167 183 107 0 4
168 183 108 0 4
169 183 109 0 4
170 183 110 0 4
171 183 111 0 4
172 183 112 0 4
173 183 113 0 4
174 183 114 0 4
175 183 115 0 4
176 183 116 0 4
177 183 117 0 4
178 183 118 0 4
179 183 119 0 4
