39 0 159 219 4
40 0 160 219 4
41 0 161 219 4
42 0 162 219 4
43 0 163 219 4
44 0 164 219 4
45 0 165 219 4
46 0 166 219 4
47 0 167 219 4
48 0 168 219 4
49 0 169 219 4
50 0 170 219 4
51 0 171 219 4
52 0 172 219 4
53 0 173 219 4
54 0 174 219 4
55 0 175 219 4
56 0 176 219 4
57 0 177 219 4
58 0 178 219 4
59 0 179 219 4
60 0 180 219 4
61 0 181 219 4
62 0 182 219 4
63 0 183 219 4
64 0 184 219 4
65 0 185 219 4
66 0 186 219 4
67 0 187 219 4
68 0 188 219 4
69 0 189 219 4
70 0 190 219 4
71 0 191 219 4
72 0 192 219 4
73 0 193 219 4
74 0 194 219 4
75 0 195 219 4
76 0 196 219 4
77 0 197 219 4
78 0 198 219 4
79 0 199 219 4
80 0 200 219 4
81 0 201 219 4
82 0 202 219 4
83 0 203 219 4
84 0 204 219 4
85 0 205 219 4
86 0 206 219 4
87 0 207 219 4
88 0 208 219 4
89 0 209 219 4
90 0 210 219 4
91 0 211 219 4
92 0 212 219 4
39 99 159 0 10
40 99 160 0 10
41 99 161 0 10
42 99 162 0 10
43 99 163 0 10
44 99 164 0 10
45 99 165 0 10
46 99 166 0 10
47 99 167 0 10
48 99 168 0 10
49 99 169 0 10
50 99 170 0 10
51 99 171 0 10
52 99 172 0 10
53 99 173 0 10
54 99 174 0 10
55 99 175 0 10
56 99 176 0 10
57 99 177 0 10
58 99 178 0 10
59 99 179 0 10
60 99 180 0 10
61 99 181 0 10
62 99 182 0 10
63 99 183 0 10
64 99 184 0 10
65 99 185 0 10
66 99 186 0 10
67 99 187 0 10
68 99 188 0 10
69 99 189 0 10
70 99 190 0 10
71 99 191 0 10
72 99 192 0 10
73 99 193 0 10
74 99 194 0 10
75 99 195 0 10
76 99 196 0 10
77 99 197 0 10
78 99 198 0 10
79 99 199 0 10
80 99 200 0 10
81 99 201 0 10
82 99 202 0 10
83 99 203 0 10
84 99 204 0 10
85 99 205 0 10
86 99 206 0 10
87 99 207 0 10
88 99 208 0 10
89 99 209 0 10
90 99 210 0 10
91 99 211 0 10
92 99 212 0 10
