359 20 0 240 1
359 21 0 241 1
359 22 0 242 1
359 23 0 243 1
359 24 0 244 1
359 25 0 245 1
359 26 0 246 1
359 27 0 247 1
359 28 0 248 1
359 29 0 249 1
359 30 0 250 1
359 31 0 251 1
359 32 0 252 1
359 33 0 253 1
359 34 0 254 1
359 35 0 255 1
359 36 0 0 1
359 37 0 1 1
359 38 0 2 1
359 39 0 3 1
359 40 0 4 1
359 41 0 5 1
359 42 0 6 1
359 43 0 7 1
359 44 0 8 1
359 45 0 9 1
359 46 0 10 1
359 47 0 11 1
359 48 0 12 1
359 49 0 13 1
359 50 0 14 1
359 51 0 15 1
359 52 0 16 1
359 53 0 17 1
359 54 0 18 1
359 55 0 19 1
359 56 0 20 1
359 57 0 21 1
359 58 0 22 1
359 59 0 23 1
359 60 0 24 1
359 61 0 25 1
359 62 0 26 1
359 63 0 27 1
359 64 0 28 1
359 65 0 29 1
359 66 0 30 1
359 67 0 31 1
359 68 0 32 1
359 69 0 33 1
359 70 0 34 1
359 71 0 35 1
359 72 0 36 1
359 73 0 37 1
359 74 0 38 1
359 75 0 39 1
359 76 0 40 1
359 77 0 41 1
359 78 0 42 1
359 79 0 43 1
359 80 0 163 1
159 0 39 99 9
160 0 40 99 9
161 0 41 99 9
162 0 42 99 9
163 0 43 99 9
164 0 44 99 9
165 0 45 99 9
166 0 46 99 9
167 0 47 99 9
168 0 48 99 9
169 0 49 99 9
170 0 50 99 9
171 0 51 99 9
172 0 52 99 9
173 0 53 99 9
174 0 54 99 9
175 0 55 99 9
176 0 56 99 9
177 0 57 99 9
178 0 58 99 9
179 0 59 99 9
180 0 60 99 9
181 0 61 99 9
182 0 62 99 9
183 0 63 99 9
184 0 64 99 9
185 0 65 99 9
186 0 66 99 9
187 0 67 99 9
188 0 68 99 9
189 0 69 99 9
190 0 70 99 9
191 0 71 99 9
192 0 72 99 9
193 0 73 99 9
194 0 74 99 9
195 0 75 99 9
196 0 76 99 9
197 0 77 99 9
198 0 78 99 9
199 0 79 99 9
200 0 80 99 9
201 0 81 99 9
202 0 82 99 9
203 0 83 99 9
204 0 84 99 9
205 0 85 99 9
206 0 86 99 9
207 0 87 99 9
208 0 88 99 9
209 0 89 99 9
210 0 90 99 9
211 0 91 99 9
212 0 92 99 9
103 80 0 0 11
103 81 0 1 11
103 82 0 2 11
103 83 0 3 11
103 84 0 4 11
103 85 0 5 11
103 86 0 6 11
103 87 0 7 11
103 88 0 8 11
103 89 0 9 11
103 90 0 10 11
103 91 0 11 11
103 92 0 12 11
103 93 0 13 11
103 94 0 14 11
103 95 0 15 11
103 96 0 16 11
103 97 0 17 11
103 98 0 18 11
103 99 0 19 11
103 100 0 20 11
103 101 0 21 11
103 102 0 22 11
103 103 0 23 11
103 104 0 24 11
103 105 0 25 11
103 106 0 26 11
103 107 0 27 11
103 108 0 28 11
103 109 0 29 11
103 110 0 30 11
103 111 0 31 11
103 112 0 32 11
103 113 0 33 11
103 114 0 34 11
103 115 0 35 11
103 116 0 36 11
103 117 0 37 11
103 118 0 38 11
103 119 0 39 11
103 120 0 40 11
103 121 0 41 11
103 122 0 42 11
103 123 0 43 11
103 124 0 44 11
103 125 0 45 11
103 126 0 46 11
103 127 0 47 11
103 128 0 48 11
103 129 0 49 11
103 130 0 50 11
103 131 0 51 11
103 132 0 52 11
103 133 0 53 11
103 134 0 54 11
103 135 0 55 11
103 136 0 56 11
103 137 0 57 11
103 138 0 58 11
103 139 0 59 11
103 140 0 60 11
