34 119 54 0 2
35 119 55 0 2
36 119 56 0 2
37 119 57 0 2
38 119 58 0 2
39 119 59 0 2
40 119 60 0 2
41 119 61 0 2
42 119 62 0 2
43 119 63 0 2
44 119 64 0 2
45 119 65 0 2
46 119 66 0 2
47 119 67 0 2
48 119 68 0 2
49 119 69 0 2
50 119 70 0 2
51 119 71 0 2
52 119 72 0 2
53 119 73 0 2
54 119 74 0 2
55 119 75 0 2
56 119 76 0 2
57 119 77 0 2
58 119 78 0 2
59 119 79 0 2
60 119 80 0 2
61 119 81 0 2
62 119 82 0 2
63 119 83 0 2
64 119 84 0 2
65 119 85 0 2
66 119 86 0 2
67 119 87 0 2
68 119 88 0 2
69 119 89 0 2
70 119 90 0 2
71 119 91 0 2
72 119 92 0 2
73 119 93 0 2
74 119 94 0 2
75 119 95 0 2
76 119 96 0 2
77 119 97 0 2
78 119 98 0 2
79 119 99 0 2
80 119 100 0 2
81 119 101 0 2
82 119 102 0 2
83 119 103 0 2
84 119 104 0 2
85 119 105 0 2
86 119 106 0 2
87 119 107 0 2
88 119 108 0 2
89 119 109 0 2
90 119 110 0 2
91 119 111 0 2
92 119 112 0 2
93 119 113 0 2
94 119 114 0 2
95 119 115 0 2
96 119 116 0 2
97 119 117 0 2
98 119 118 0 2
99 119 119 0 2
100 119 120 0 2
101 119 121 0 2
102 119 122 0 2
103 119 123 0 2
104 119 124 0 2
105 119 125 0 2
106 119 126 0 2
107 119 127 0 2
108 119 128 0 2
