17 0 77 183 3
18 0 78 183 3
19 0 79 183 3
20 0 80 183 3
21 0 81 183 3
22 0 82 183 3
23 0 83 183 3
24 0 84 183 3
25 0 85 183 3
26 0 86 183 3
27 0 87 183 3
28 0 88 183 3
29 0 89 183 3
30 0 90 183 3
31 0 91 183 3
32 0 92 183 3
33 0 93 183 3
34 0 94 183 3
35 0 95 183 3
36 0 96 183 3
37 0 97 183 3
38 0 98 183 3
39 0 99 183 3
40 0 100 183 3
41 0 101 183 3
42 0 102 183 3
43 0 103 183 3
44 0 104 183 3
45 0 105 183 3
46 0 106 183 3
47 0 107 183 3
48 0 108 183 3
49 0 109 183 3
50 0 110 183 3
51 0 111 183 3
52 0 112 183 3
53 0 113 183 3
54 0 114 183 3
55 0 115 183 3
56 0 116 183 3
57 0 117 183 3
58 0 118 183 3
59 0 119 183 3
60 0 120 183 3
61 0 121 183 3
62 0 122 183 3
63 0 123 183 3
64 0 124 183 3
65 0 125 183 3
66 0 126 183 3
67 0 127 183 3
68 0 128 183 3
69 0 129 183 3
70 0 130 183 3
71 0 131 183 3
72 0 132 183 3
73 0 133 183 3
74 0 134 183 3
75 0 135 183 3
76 0 136 183 3
77 0 137 183 3
78 0 138 183 3
79 0 139 183 3
80 0 140 183 3
81 0 141 183 3
82 0 142 183 3
83 0 143 183 3
84 0 144 183 3
85 0 145 183 3
86 0 146 183 3
87 0 147 183 3
88 0 148 183 3
89 0 149 183 3
90 0 150 183 3
91 0 151 183 3
92 0 152 183 3
93 0 153 183 3
94 0 154 183 3
95 0 155 183 3
96 0 156 183 3
97 0 157 183 3
98 0 158 183 3
99 0 159 183 3
100 0 160 183 3
101 0 161 183 3
102 0 162 183 3
103 0 163 183 3
104 0 164 183 3
105 0 165 183 3
106 0 166 183 3
107 0 167 183 3
108 0 168 183 3
109 0 169 183 3
110 0 170 183 3
111 0 171 183 3
112 0 172 183 3
113 0 173 183 3
114 0 174 183 3
115 0 175 183 3
116 0 176 183 3
117 0 177 183 3
118 0 178 183 3
119 0 179 183 3
159 219 39 0 9
160 219 40 0 9
161 219 41 0 9
162 219 42 0 9
163 219 43 0 9
164 219 44 0 9
165 219 45 0 9
166 219 46 0 9
167 219 47 0 9
168 219 48 0 9
169 219 49 0 9
170 219 50 0 9
171 219 51 0 9
172 219 52 0 9
173 219 53 0 9
174 219 54 0 9
175 219 55 0 9
176 219 56 0 9
177 219 57 0 9
178 219 58 0 9
179 219 59 0 9
180 219 60 0 9
181 219 61 0 9
182 219 62 0 9
183 219 63 0 9
184 219 64 0 9
185 219 65 0 9
186 219 66 0 9
187 219 67 0 9
188 219 68 0 9
189 219 69 0 9
190 219 70 0 9
191 219 71 0 9
192 219 72 0 9
193 219 73 0 9
194 219 74 0 9
195 219 75 0 9
196 219 76 0 9
197 219 77 0 9
198 219 78 0 9
199 219 79 0 9
200 219 80 0 9
201 219 81 0 9
202 219 82 0 9
203 219 83 0 9
204 219 84 0 9
205 219 85 0 9
206 219 86 0 9
207 219 87 0 9
208 219 88 0 9
209 219 89 0 9
210 219 90 0 9
211 219 91 0 9
212 219 92 0 9
