11 119 151 0 2
12 119 152 0 2
13 119 153 0 2
14 119 154 0 2
15 119 155 0 2
16 119 156 0 2
17 119 157 0 2
18 119 158 0 2
19 119 159 0 2
20 119 160 0 2
21 119 161 0 2
22 119 162 0 2
23 119 163 0 2
24 119 164 0 2
25 119 165 0 2
26 119 166 0 2
27 119 167 0 2
28 119 168 0 2
29 119 169 0 2
30 119 170 0 2
31 119 171 0 2
32 119 172 0 2
33 119 173 0 2
34 119 174 0 2
35 119 175 0 2
36 119 176 0 2
37 119 177 0 2
38 119 178 0 2
39 119 179 0 2
40 119 180 0 2
41 119 181 0 2
42 119 182 0 2
43 119 183 0 2
44 119 184 0 2
45 119 185 0 2
46 119 186 0 2
47 119 187 0 2
48 119 188 0 2
49 119 189 0 2
50 119 190 0 2
51 119 191 0 2
52 119 192 0 2
53 119 193 0 2
54 119 194 0 2
55 119 195 0 2
56 119 196 0 2
57 119 197 0 2
58 119 198 0 2
59 119 199 0 2
60 119 200 0 2
61 119 201 0 2
62 119 202 0 2
63 119 203 0 2
64 119 204 0 2
65 119 205 0 2
66 119 206 0 2
67 119 207 0 2
68 119 208 0 2
69 119 209 0 2
70 119 210 0 2
71 119 211 0 2
72 119 212 0 2
73 119 213 0 2
74 119 214 0 2
75 119 215 0 2
76 119 216 0 2
77 119 217 0 2
78 119 218 0 2
79 119 219 0 2
80 119 220 0 2
81 119 221 0 2
82 119 222 0 2
83 119 223 0 2
84 119 224 0 2
85 119 225 0 2
86 119 226 0 2
87 119 227 0 2
88 119 228 0 2
89 119 229 0 2
90 119 230 0 2
91 119 231 0 2
92 119 232 0 2
93 119 233 0 2
94 119 234 0 2
