0 0 103 80 10
0 1 103 81 10
0 2 103 82 10
0 3 103 83 10
0 4 103 84 10
0 5 103 85 10
0 6 103 86 10
0 7 103 87 10
0 8 103 88 10
0 9 103 89 10
0 10 103 90 10
0 11 103 91 10
0 12 103 92 10
0 13 103 93 10
0 14 103 94 10
0 15 103 95 10
0 16 103 96 10
0 17 103 97 10
0 18 103 98 10
0 19 103 99 10
0 20 103 100 10
0 21 103 101 10
0 22 103 102 10
0 23 103 103 10
0 24 103 104 10
0 25 103 105 10
0 26 103 106 10
0 27 103 107 10
0 28 103 108 10
0 29 103 109 10
0 30 103 110 10
0 31 103 111 10
0 32 103 112 10
0 33 103 113 10
0 34 103 114 10
0 35 103 115 10
0 36 103 116 10
0 37 103 117 10
0 38 103 118 10
0 39 103 119 10
0 40 103 120 10
0 41 103 121 10
0 42 103 122 10
0 43 103 123 10
0 44 103 124 10
0 45 103 125 10
0 46 103 126 10
0 47 103 127 10
0 48 103 128 10
0 49 103 129 10
0 50 103 130 10
0 51 103 131 10
0 52 103 132 10
0 53 103 133 10
0 54 103 134 10
0 55 103 135 10
0 56 103 136 10
0 57 103 137 10
0 58 103 138 10
0 59 103 139 10
0 60 103 140 10
259 165 0 165 5
259 166 0 166 5
259 167 0 167 5
259 168 0 168 5
259 169 0 169 5
259 170 0 170 5
259 171 0 171 5
259 172 0 172 5
259 173 0 173 5
259 174 0 174 5
259 175 0 175 5
259 176 0 176 5
259 177 0 177 5
259 178 0 178 5
259 179 0 179 5
259 180 0 180 5
259 181 0 181 5
259 182 0 182 5
259 183 0 183 5
259 184 0 184 5
259 185 0 185 5
259 186 0 186 5
259 187 0 187 5
259 188 0 188 5
259 189 0 189 5
259 190 0 190 5
259 191 0 191 5
259 192 0 192 5
259 193 0 193 5
259 194 0 194 5
259 195 0 195 5
259 196 0 196 5
259 197 0 197 5
259 198 0 198 5
259 199 0 199 5
259 200 0 200 5
259 201 0 201 5
259 202 0 202 5
259 203 0 203 5
259 204 0 204 5
259 205 0 205 5
259 206 0 206 5
259 207 0 207 5
259 208 0 208 5
259 209 0 209 5
259 210 0 210 5
259 211 0 211 5
259 212 0 212 5
259 213 0 213 5
259 214 0 214 5
259 215 0 215 5
259 216 0 216 5
259 217 0 217 5
259 218 0 218 5
259 219 0 219 5
259 220 0 220 5
259 221 0 221 5
259 222 0 222 5
259 223 0 223 5
259 224 0 224 5
259 225 0 225 5
259 226 0 226 5
259 227 0 227 5
259 228 0 228 5
259 229 0 229 5
259 230 0 230 5
259 231 0 231 5
259 232 0 232 5
259 233 0 233 5
259 234 0 234 5
259 235 0 235 5
259 236 0 236 5
259 237 0 237 5
259 238 0 238 5
259 239 0 239 5
259 240 0 240 5
259 241 0 241 5
259 242 0 242 5
259 243 0 243 5
259 244 0 244 5
259 245 0 245 5
259 246 0 246 5
259 247 0 247 5
259 248 0 248 5
259 249 0 249 5
259 250 0 250 5
259 251 0 251 5
259 252 0 252 5
259 253 0 253 5
259 254 0 254 5
259 255 0 255 5
259 256 0 0 5
259 257 0 1 5
1 0 1 163 1
2 0 2 163 1
3 0 3 163 1
4 0 4 163 1
5 0 5 163 1
6 0 6 163 1
7 0 7 163 1
8 0 8 163 1
9 0 9 163 1
10 0 10 163 1
11 0 11 163 1
12 0 12 163 1
13 0 13 163 1
14 0 14 163 1
15 0 15 163 1
16 0 16 163 1
17 0 17 163 1
18 0 18 163 1
19 0 19 163 1
20 0 20 163 1
21 0 21 163 1
22 0 22 163 1
23 0 23 163 1
24 0 24 163 1
25 0 25 163 1
26 0 26 163 1
27 0 27 163 1
28 0 28 163 1
29 0 29 163 1
30 0 30 163 1
31 0 31 163 1
32 0 32 163 1
33 0 33 163 1
34 0 34 163 1
35 0 35 163 1
36 0 36 163 1
37 0 37 163 1
38 0 38 163 1
39 0 39 163 1
40 0 40 163 1
41 0 41 163 1
42 0 42 163 1
43 0 43 163 1
44 0 44 163 1
45 0 45 163 1
46 0 46 163 1
47 0 47 163 1
48 0 48 163 1
49 0 49 163 1
50 0 50 163 1
51 0 51 163 1
52 0 52 163 1
53 0 53 163 1
54 0 54 163 1
55 0 55 163 1
56 0 56 163 1
57 0 57 163 1
58 0 58 163 1
59 0 59 163 1
60 0 60 163 1
61 0 61 163 1
62 0 62 163 1
63 0 63 163 1
64 0 64 163 1
65 0 65 163 1
66 0 66 163 1
67 0 67 163 1
68 0 68 163 1
69 0 69 163 1
70 0 70 163 1
71 0 71 163 1
72 0 72 163 1
73 0 73 163 1
74 0 74 163 1
75 0 75 163 1
76 0 76 163 1
77 0 77 163 1
78 0 78 163 1
79 0 79 163 1
80 0 80 163 1
81 0 81 163 1
82 0 82 163 1
83 0 83 163 1
84 0 84 163 1
85 0 85 163 1
86 0 86 163 1
87 0 87 163 1
88 0 88 163 1
89 0 89 163 1
90 0 90 163 1
91 0 91 163 1
92 0 92 163 1
93 0 93 163 1
94 0 94 163 1
95 0 95 163 1
96 0 96 163 1
97 0 97 163 1
98 0 98 163 1
99 0 99 163 1
100 0 100 163 1
101 0 101 163 1
102 0 102 163 1
103 0 103 163 1
104 0 104 163 1
105 0 105 163 1
106 0 106 163 1
107 0 107 163 1
108 0 108 163 1
109 0 109 163 1
110 0 110 163 1
111 0 111 163 1
112 0 112 163 1
113 0 113 163 1
114 0 114 163 1
115 0 115 163 1
116 0 116 163 1
117 0 117 163 1
118 0 118 163 1
119 0 119 163 1
120 0 120 163 1
121 0 121 163 1
122 0 122 163 1
123 0 123 163 1
124 0 124 163 1
125 0 125 163 1
126 0 126 163 1
127 0 127 163 1
