33 0 133 3 6
34 0 134 3 6
35 0 135 3 6
36 0 136 3 6
37 0 137 3 6
38 0 138 3 6
39 0 139 3 6
40 0 140 3 6
41 0 141 3 6
42 0 142 3 6
43 0 143 3 6
44 0 144 3 6
45 0 145 3 6
46 0 146 3 6
47 0 147 3 6
48 0 148 3 6
49 0 149 3 6
50 0 150 3 6
51 0 151 3 6
52 0 152 3 6
53 0 153 3 6
54 0 154 3 6
55 0 155 3 6
56 0 156 3 6
57 0 157 3 6
58 0 158 3 6
59 0 159 3 6
60 0 160 3 6
61 0 161 3 6
62 0 162 3 6
63 0 163 3 6
64 0 164 3 6
65 0 165 3 6
66 0 166 3 6
67 0 167 3 6
68 0 168 3 6
69 0 169 3 6
70 0 170 3 6
71 0 171 3 6
72 0 172 3 6
73 0 173 3 6
74 0 174 3 6
75 0 175 3 6
76 0 176 3 6
77 0 177 3 6
78 0 178 3 6
79 0 179 3 6
80 0 180 3 6
81 0 181 3 6
82 0 182 3 6
83 0 183 3 6
84 0 184 3 6
85 0 185 3 6
86 0 186 3 6
87 0 187 3 6
88 0 188 3 6
89 0 189 3 6
90 0 190 3 6
91 0 191 3 6
92 0 192 3 6
93 0 193 3 6
94 0 194 3 6
95 0 195 3 6
96 0 196 3 6
97 0 197 3 6
98 0 198 3 6
99 0 199 3 6
100 0 200 3 6
101 0 201 3 6
102 0 202 3 6
103 0 203 3 6
104 0 204 3 6
105 0 205 3 6
106 0 206 3 6
107 0 207 3 6
108 0 208 3 6
109 0 209 3 6
110 0 210 3 6
111 0 211 3 6
112 0 212 3 6
113 0 213 3 6
114 0 214 3 6
115 0 215 3 6
116 0 216 3 6
117 0 217 3 6
118 0 218 3 6
119 0 219 3 6
120 0 220 3 6
121 0 221 3 6
122 0 222 3 6
123 0 223 3 6
124 0 224 3 6
125 0 225 3 6
126 0 226 3 6
127 0 227 3 6
128 0 228 3 6
129 0 229 3 6
130 0 230 3 6
131 0 231 3 6
132 0 232 3 6
133 0 233 3 6
134 0 234 3 6
135 0 235 3 6
136 0 236 3 6
137 0 237 3 6
