195 0 79 163 1
196 0 80 163 1
197 0 81 163 1
198 0 82 163 1
199 0 83 163 1
200 0 84 163 1
201 0 85 163 1
202 0 86 163 1
203 0 87 163 1
204 0 88 163 1
205 0 89 163 1
206 0 90 163 1
207 0 91 163 1
208 0 92 163 1
209 0 93 163 1
210 0 94 163 1
211 0 95 163 1
212 0 96 163 1
213 0 97 163 1
214 0 98 163 1
215 0 99 163 1
216 0 100 163 1
217 0 101 163 1
218 0 102 163 1
219 0 103 163 1
220 0 104 163 1
221 0 105 163 1
222 0 106 163 1
223 0 107 163 1
224 0 108 163 1
225 0 109 163 1
226 0 110 163 1
227 0 111 163 1
228 0 112 163 1
229 0 113 163 1
230 0 114 163 1
231 0 115 163 1
232 0 116 163 1
233 0 117 163 1
234 0 118 163 1
235 0 119 163 1
236 0 120 163 1
237 0 121 163 1
238 0 122 163 1
239 0 123 163 1
240 0 124 163 1
241 0 125 163 1
242 0 126 163 1
243 0 127 163 1
244 0 128 163 1
245 0 129 163 1
246 0 130 163 1
247 0 131 163 1
248 0 132 163 1
249 0 133 163 1
250 0 134 163 1
251 0 135 163 1
252 0 136 163 1
253 0 137 163 1
254 0 138 163 1
23 92 0 32 6
23 93 0 33 6
23 94 0 34 6
23 95 0 35 6
23 96 0 36 6
23 97 0 37 6
23 98 0 38 6
23 99 0 39 6
23 100 0 40 6
23 101 0 41 6
23 102 0 42 6
23 103 0 43 6
23 104 0 44 6
23 105 0 45 6
23 106 0 46 6
23 107 0 47 6
23 108 0 48 6
23 109 0 49 6
23 110 0 50 6
23 111 0 51 6
23 112 0 52 6
23 113 0 53 6
23 114 0 54 6
23 115 0 55 6
23 116 0 56 6
23 117 0 57 6
23 118 0 58 6
23 119 0 59 6
23 120 0 60 6
23 121 0 61 6
23 122 0 62 6
23 123 0 63 6
23 124 0 64 6
23 125 0 65 6
23 126 0 66 6
23 127 0 67 6
23 128 0 68 6
23 129 0 69 6
23 130 0 70 6
23 131 0 71 6
23 132 0 72 6
23 133 0 73 6
23 134 0 74 6
23 135 0 75 6
23 136 0 76 6
23 137 0 77 6
23 138 0 78 6
23 139 0 79 6
23 140 0 80 6
23 141 0 81 6
23 142 0 82 6
23 143 0 83 6
23 144 0 84 6
23 145 0 85 6
23 146 0 86 6
23 147 0 87 6
23 148 0 88 6
23 149 0 89 6
23 150 0 90 6
23 151 0 91 6
23 152 0 92 6
23 153 0 93 6
0 165 259 165 11
0 166 259 166 11
0 167 259 167 11
0 168 259 168 11
0 169 259 169 11
0 170 259 170 11
0 171 259 171 11
0 172 259 172 11
0 173 259 173 11
0 174 259 174 11
0 175 259 175 11
0 176 259 176 11
0 177 259 177 11
0 178 259 178 11
0 179 259 179 11
0 180 259 180 11
0 181 259 181 11
0 182 259 182 11
0 183 259 183 11
0 184 259 184 11
0 185 259 185 11
0 186 259 186 11
0 187 259 187 11
0 188 259 188 11
0 189 259 189 11
0 190 259 190 11
0 191 259 191 11
0 192 259 192 11
0 193 259 193 11
0 194 259 194 11
0 195 259 195 11
0 196 259 196 11
0 197 259 197 11
0 198 259 198 11
0 199 259 199 11
0 200 259 200 11
0 201 259 201 11
0 202 259 202 11
0 203 259 203 11
0 204 259 204 11
0 205 259 205 11
0 206 259 206 11
0 207 259 207 11
0 208 259 208 11
0 209 259 209 11
0 210 259 210 11
0 211 259 211 11
0 212 259 212 11
0 213 259 213 11
0 214 259 214 11
0 215 259 215 11
0 216 259 216 11
0 217 259 217 11
0 218 259 218 11
0 219 259 219 11
0 220 259 220 11
0 221 259 221 11
0 222 259 222 11
0 223 259 223 11
0 224 259 224 11
0 225 259 225 11
0 226 259 226 11
0 227 259 227 11
0 228 259 228 11
0 229 259 229 11
0 230 259 230 11
0 231 259 231 11
0 232 259 232 11
0 233 259 233 11
0 234 259 234 11
0 235 259 235 11
0 236 259 236 11
0 237 259 237 11
0 238 259 238 11
0 239 259 239 11
0 240 259 240 11
0 241 259 241 11
0 242 259 242 11
0 243 259 243 11
0 244 259 244 11
0 245 259 245 11
0 246 259 246 11
0 247 259 247 11
0 248 259 248 11
0 249 259 249 11
0 250 259 250 11
0 251 259 251 11
0 252 259 252 11
0 253 259 253 11
0 254 259 254 11
0 255 259 255 11
0 0 259 256 11
0 1 259 257 11
