54 179 134 0 6
55 179 135 0 6
56 179 136 0 6
57 179 137 0 6
58 179 138 0 6
59 179 139 0 6
60 179 140 0 6
61 179 141 0 6
62 179 142 0 6
63 179 143 0 6
64 179 144 0 6
65 179 145 0 6
66 179 146 0 6
67 179 147 0 6
68 179 148 0 6
69 179 149 0 6
70 179 150 0 6
71 179 151 0 6
72 179 152 0 6
73 179 153 0 6
74 179 154 0 6
75 179 155 0 6
76 179 156 0 6
77 179 157 0 6
78 179 158 0 6
79 179 159 0 6
80 179 160 0 6
81 179 161 0 6
82 179 162 0 6
83 179 163 0 6
84 179 164 0 6
85 179 165 0 6
86 179 166 0 6
87 179 167 0 6
88 179 168 0 6
89 179 169 0 6
90 179 170 0 6
91 179 171 0 6
92 179 172 0 6
93 179 173 0 6
94 179 174 0 6
95 179 175 0 6
96 179 176 0 6
97 179 177 0 6
98 179 178 0 6
99 179 179 0 6
100 179 180 0 6
101 179 181 0 6
102 179 182 0 6
103 179 183 0 6
104 179 184 0 6
105 179 185 0 6
106 179 186 0 6
107 179 187 0 6
108 179 188 0 6
109 179 189 0 6
110 179 190 0 6
111 179 191 0 6
112 179 192 0 6
113 179 193 0 6
114 179 194 0 6
115 179 195 0 6
116 179 196 0 6
117 179 197 0 6
118 179 198 0 6
119 179 199 0 6
120 179 200 0 6
121 179 201 0 6
122 179 202 0 6
123 179 203 0 6
124 179 204 0 6
125 179 205 0 6
126 179 206 0 6
127 179 207 0 6
128 179 208 0 6
129 179 209 0 6
130 179 210 0 6
131 179 211 0 6
132 179 212 0 6
133 179 213 0 6
134 179 214 0 6
135 179 215 0 6
136 179 216 0 6
137 179 217 0 6
138 179 218 0 6
139 179 219 0 6
140 179 220 0 6
141 179 221 0 6
142 179 222 0 6
143 179 223 0 6
144 179 224 0 6
145 179 225 0 6
146 179 226 0 6
147 179 227 0 6
148 179 228 0 6
149 179 229 0 6
150 179 230 0 6
151 179 231 0 6
152 179 232 0 6
153 179 233 0 6
154 179 234 0 6
155 179 235 0 6
156 179 236 0 6
157 179 237 0 6
