83 0 179 259 2
84 0 180 259 2
85 0 181 259 2
86 0 182 259 2
87 0 183 259 2
88 0 184 259 2
89 0 185 259 2
90 0 186 259 2
91 0 187 259 2
92 0 188 259 2
93 0 189 259 2
94 0 190 259 2
95 0 191 259 2
96 0 192 259 2
97 0 193 259 2
98 0 194 259 2
99 0 195 259 2
100 0 196 259 2
101 0 197 259 2
102 0 198 259 2
103 0 199 259 2
104 0 200 259 2
105 0 201 259 2
106 0 202 259 2
107 0 203 259 2
108 0 204 259 2
109 0 205 259 2
110 0 206 259 2
111 0 207 259 2
112 0 208 259 2
113 0 209 259 2
114 0 210 259 2
115 0 211 259 2
116 0 212 259 2
117 0 213 259 2
118 0 214 259 2
119 0 215 259 2
120 0 216 259 2
121 0 217 259 2
122 0 218 259 2
123 0 219 259 2
124 0 220 259 2
125 0 221 259 2
126 0 222 259 2
127 0 223 259 2
128 0 224 259 2
129 0 225 259 2
130 0 226 259 2
131 0 227 259 2
132 0 228 259 2
133 0 229 259 2
134 0 230 259 2
135 0 231 259 2
136 0 232 259 2
137 0 233 259 2
138 0 234 259 2
79 163 195 0 5
80 163 196 0 5
81 163 197 0 5
82 163 198 0 5
83 163 199 0 5
84 163 200 0 5
85 163 201 0 5
86 163 202 0 5
87 163 203 0 5
88 163 204 0 5
89 163 205 0 5
90 163 206 0 5
91 163 207 0 5
92 163 208 0 5
93 163 209 0 5
94 163 210 0 5
95 163 211 0 5
96 163 212 0 5
97 163 213 0 5
98 163 214 0 5
99 163 215 0 5
100 163 216 0 5
101 163 217 0 5
102 163 218 0 5
103 163 219 0 5
104 163 220 0 5
105 163 221 0 5
106 163 222 0 5
107 163 223 0 5
108 163 224 0 5
109 163 225 0 5
110 163 226 0 5
111 163 227 0 5
112 163 228 0 5
113 163 229 0 5
114 163 230 0 5
115 163 231 0 5
116 163 232 0 5
117 163 233 0 5
118 163 234 0 5
119 163 235 0 5
120 163 236 0 5
121 163 237 0 5
122 163 238 0 5
123 163 239 0 5
124 163 240 0 5
125 163 241 0 5
126 163 242 0 5
127 163 243 0 5
128 163 244 0 5
129 163 245 0 5
130 163 246 0 5
131 163 247 0 5
132 163 248 0 5
133 163 249 0 5
134 163 250 0 5
135 163 251 0 5
136 163 252 0 5
137 163 253 0 5
138 163 254 0 5
0 240 359 20 10
0 241 359 21 10
0 242 359 22 10
0 243 359 23 10
0 244 359 24 10
0 245 359 25 10
0 246 359 26 10
0 247 359 27 10
0 248 359 28 10
0 249 359 29 10
0 250 359 30 10
0 251 359 31 10
0 252 359 32 10
0 253 359 33 10
0 254 359 34 10
0 255 359 35 10
0 0 359 36 10
0 1 359 37 10
0 2 359 38 10
0 3 359 39 10
0 4 359 40 10
0 5 359 41 10
0 6 359 42 10
0 7 359 43 10
0 8 359 44 10
0 9 359 45 10
0 10 359 46 10
0 11 359 47 10
0 12 359 48 10
0 13 359 49 10
0 14 359 50 10
0 15 359 51 10
0 16 359 52 10
0 17 359 53 10
0 18 359 54 10
0 19 359 55 10
0 20 359 56 10
0 21 359 57 10
0 22 359 58 10
0 23 359 59 10
0 24 359 60 10
0 25 359 61 10
0 26 359 62 10
0 27 359 63 10
0 28 359 64 10
0 29 359 65 10
0 30 359 66 10
0 31 359 67 10
0 32 359 68 10
0 33 359 69 10
0 34 359 70 10
0 35 359 71 10
0 36 359 72 10
0 37 359 73 10
0 38 359 74 10
0 39 359 75 10
0 40 359 76 10
0 41 359 77 10
0 42 359 78 10
0 43 359 79 10
0 163 359 80 10
1 163 1 0 11
2 163 2 0 11
3 163 3 0 11
4 163 4 0 11
5 163 5 0 11
6 163 6 0 11
7 163 7 0 11
8 163 8 0 11
9 163 9 0 11
10 163 10 0 11
11 163 11 0 11
12 163 12 0 11
13 163 13 0 11
14 163 14 0 11
15 163 15 0 11
16 163 16 0 11
17 163 17 0 11
18 163 18 0 11
19 163 19 0 11
20 163 20 0 11
21 163 21 0 11
22 163 22 0 11
23 163 23 0 11
24 163 24 0 11
25 163 25 0 11
26 163 26 0 11
27 163 27 0 11
28 163 28 0 11
29 163 29 0 11
30 163 30 0 11
31 163 31 0 11
32 163 32 0 11
33 163 33 0 11
34 163 34 0 11
35 163 35 0 11
36 163 36 0 11
37 163 37 0 11
38 163 38 0 11
39 163 39 0 11
40 163 40 0 11
41 163 41 0 11
42 163 42 0 11
43 163 43 0 11
44 163 44 0 11
45 163 45 0 11
46 163 46 0 11
47 163 47 0 11
48 163 48 0 11
49 163 49 0 11
50 163 50 0 11
51 163 51 0 11
52 163 52 0 11
53 163 53 0 11
54 163 54 0 11
55 163 55 0 11
56 163 56 0 11
57 163 57 0 11
58 163 58 0 11
59 163 59 0 11
60 163 60 0 11
61 163 61 0 11
62 163 62 0 11
63 163 63 0 11
64 163 64 0 11
65 163 65 0 11
66 163 66 0 11
67 163 67 0 11
68 163 68 0 11
69 163 69 0 11
70 163 70 0 11
71 163 71 0 11
72 163 72 0 11
73 163 73 0 11
74 163 74 0 11
75 163 75 0 11
76 163 76 0 11
77 163 77 0 11
78 163 78 0 11
79 163 79 0 11
80 163 80 0 11
81 163 81 0 11
82 163 82 0 11
83 163 83 0 11
84 163 84 0 11
85 163 85 0 11
86 163 86 0 11
87 163 87 0 11
88 163 88 0 11
89 163 89 0 11
90 163 90 0 11
91 163 91 0 11
92 163 92 0 11
93 163 93 0 11
94 163 94 0 11
95 163 95 0 11
96 163 96 0 11
97 163 97 0 11
98 163 98 0 11
99 163 99 0 11
100 163 100 0 11
101 163 101 0 11
102 163 102 0 11
103 163 103 0 11
104 163 104 0 11
105 163 105 0 11
106 163 106 0 11
107 163 107 0 11
108 163 108 0 11
109 163 109 0 11
110 163 110 0 11
111 163 111 0 11
112 163 112 0 11
113 163 113 0 11
114 163 114 0 11
115 163 115 0 11
116 163 116 0 11
117 163 117 0 11
118 163 118 0 11
119 163 119 0 11
120 163 120 0 11
121 163 121 0 11
122 163 122 0 11
123 163 123 0 11
124 163 124 0 11
125 163 125 0 11
126 163 126 0 11
127 163 127 0 11
