179 259 83 0 1
180 259 84 0 1
181 259 85 0 1
182 259 86 0 1
183 259 87 0 1
184 259 88 0 1
185 259 89 0 1
186 259 90 0 1
187 259 91 0 1
188 259 92 0 1
189 259 93 0 1
190 259 94 0 1
191 259 95 0 1
192 259 96 0 1
193 259 97 0 1
194 259 98 0 1
195 259 99 0 1
196 259 100 0 1
197 259 101 0 1
198 259 102 0 1
199 259 103 0 1
200 259 104 0 1
201 259 105 0 1
202 259 106 0 1
203 259 107 0 1
204 259 108 0 1
205 259 109 0 1
206 259 110 0 1
207 259 111 0 1
208 259 112 0 1
209 259 113 0 1
210 259 114 0 1
211 259 115 0 1
212 259 116 0 1
213 259 117 0 1
214 259 118 0 1
215 259 119 0 1
216 259 120 0 1
217 259 121 0 1
218 259 122 0 1
219 259 123 0 1
220 259 124 0 1
221 259 125 0 1
222 259 126 0 1
223 259 127 0 1
224 259 128 0 1
225 259 129 0 1
226 259 130 0 1
227 259 131 0 1
228 259 132 0 1
229 259 133 0 1
230 259 134 0 1
231 259 135 0 1
232 259 136 0 1
233 259 137 0 1
234 259 138 0 1
0 73 279 133 3
0 74 279 134 3
0 75 279 135 3
0 76 279 136 3
0 77 279 137 3
0 78 279 138 3
0 79 279 139 3
0 80 279 140 3
0 81 279 141 3
0 82 279 142 3
0 83 279 143 3
0 84 279 144 3
0 85 279 145 3
0 86 279 146 3
0 87 279 147 3
0 88 279 148 3
0 89 279 149 3
0 90 279 150 3
0 91 279 151 3
0 92 279 152 3
0 93 279 153 3
0 94 279 154 3
0 95 279 155 3
0 96 279 156 3
0 97 279 157 3
0 98 279 158 3
0 99 279 159 3
0 100 279 160 3
0 101 279 161 3
0 102 279 162 3
0 103 279 163 3
0 104 279 164 3
0 105 279 165 3
0 106 279 166 3
0 107 279 167 3
0 108 279 168 3
0 109 279 169 3
0 110 279 170 3
0 111 279 171 3
0 112 279 172 3
0 113 279 173 3
0 114 279 174 3
0 115 279 175 3
0 116 279 176 3
0 117 279 177 3
0 118 279 178 3
0 119 279 179 3
0 120 279 180 3
0 121 279 181 3
0 122 279 182 3
0 123 279 183 3
0 124 279 184 3
0 125 279 185 3
0 126 279 186 3
0 127 279 187 3
0 128 279 188 3
0 129 279 189 3
0 130 279 190 3
0 131 279 191 3
0 132 279 192 3
0 133 279 193 3
0 134 279 194 3
0 135 279 195 3
0 136 279 196 3
0 137 279 197 3
0 138 279 198 3
0 139 279 199 3
0 140 279 200 3
0 141 279 201 3
0 142 279 202 3
0 143 279 203 3
0 144 279 204 3
0 145 279 205 3
0 146 279 206 3
0 147 279 207 3
0 148 279 208 3
0 149 279 209 3
0 150 279 210 3
0 151 279 211 3
0 152 279 212 3
0 153 279 213 3
0 154 279 214 3
54 0 34 119 12
55 0 35 119 12
56 0 36 119 12
57 0 37 119 12
58 0 38 119 12
59 0 39 119 12
60 0 40 119 12
61 0 41 119 12
62 0 42 119 12
63 0 43 119 12
64 0 44 119 12
65 0 45 119 12
66 0 46 119 12
67 0 47 119 12
68 0 48 119 12
69 0 49 119 12
70 0 50 119 12
71 0 51 119 12
72 0 52 119 12
73 0 53 119 12
74 0 54 119 12
75 0 55 119 12
76 0 56 119 12
77 0 57 119 12
78 0 58 119 12
79 0 59 119 12
80 0 60 119 12
81 0 61 119 12
82 0 62 119 12
83 0 63 119 12
84 0 64 119 12
85 0 65 119 12
86 0 66 119 12
87 0 67 119 12
88 0 68 119 12
89 0 69 119 12
90 0 70 119 12
91 0 71 119 12
92 0 72 119 12
93 0 73 119 12
94 0 74 119 12
95 0 75 119 12
96 0 76 119 12
97 0 77 119 12
98 0 78 119 12
99 0 79 119 12
100 0 80 119 12
101 0 81 119 12
102 0 82 119 12
103 0 83 119 12
104 0 84 119 12
105 0 85 119 12
106 0 86 119 12
107 0 87 119 12
108 0 88 119 12
109 0 89 119 12
110 0 90 119 12
111 0 91 119 12
112 0 92 119 12
113 0 93 119 12
114 0 94 119 12
115 0 95 119 12
116 0 96 119 12
117 0 97 119 12
118 0 98 119 12
119 0 99 119 12
120 0 100 119 12
121 0 101 119 12
122 0 102 119 12
123 0 103 119 12
124 0 104 119 12
125 0 105 119 12
126 0 106 119 12
127 0 107 119 12
128 0 108 119 12
151 0 11 119 13
152 0 12 119 13
153 0 13 119 13
154 0 14 119 13
155 0 15 119 13
156 0 16 119 13
157 0 17 119 13
158 0 18 119 13
159 0 19 119 13
160 0 20 119 13
161 0 21 119 13
162 0 22 119 13
163 0 23 119 13
164 0 24 119 13
165 0 25 119 13
166 0 26 119 13
167 0 27 119 13
168 0 28 119 13
169 0 29 119 13
170 0 30 119 13
171 0 31 119 13
172 0 32 119 13
173 0 33 119 13
174 0 34 119 13
175 0 35 119 13
176 0 36 119 13
177 0 37 119 13
178 0 38 119 13
179 0 39 119 13
180 0 40 119 13
181 0 41 119 13
182 0 42 119 13
183 0 43 119 13
184 0 44 119 13
185 0 45 119 13
186 0 46 119 13
187 0 47 119 13
188 0 48 119 13
189 0 49 119 13
190 0 50 119 13
191 0 51 119 13
192 0 52 119 13
193 0 53 119 13
194 0 54 119 13
195 0 55 119 13
196 0 56 119 13
197 0 57 119 13
198 0 58 119 13
199 0 59 119 13
200 0 60 119 13
201 0 61 119 13
202 0 62 119 13
203 0 63 119 13
204 0 64 119 13
205 0 65 119 13
206 0 66 119 13
207 0 67 119 13
208 0 68 119 13
209 0 69 119 13
210 0 70 119 13
211 0 71 119 13
212 0 72 119 13
213 0 73 119 13
214 0 74 119 13
215 0 75 119 13
216 0 76 119 13
217 0 77 119 13
218 0 78 119 13
219 0 79 119 13
220 0 80 119 13
221 0 81 119 13
222 0 82 119 13
223 0 83 119 13
224 0 84 119 13
225 0 85 119 13
226 0 86 119 13
227 0 87 119 13
228 0 88 119 13
229 0 89 119 13
230 0 90 119 13
231 0 91 119 13
232 0 92 119 13
233 0 93 119 13
234 0 94 119 13
