0 37 59 57 1
0 38 59 58 1
0 39 59 59 1
0 40 59 60 1
0 41 59 61 1
0 42 59 62 1
0 43 59 63 1
0 44 59 64 1
0 45 59 65 1
0 46 59 66 1
0 47 59 67 1
0 48 59 68 1
0 49 59 69 1
0 50 59 70 1
0 51 59 71 1
0 52 59 72 1
0 53 59 73 1
0 54 59 74 1
0 55 59 75 1
0 56 59 76 1
0 57 59 77 1
0 58 59 78 1
0 59 59 79 1
0 60 59 80 1
0 61 59 81 1
0 62 59 82 1
0 63 59 83 1
0 64 59 84 1
0 65 59 85 1
0 66 59 86 1
0 67 59 87 1
0 68 59 88 1
0 69 59 89 1
0 70 59 90 1
0 71 59 91 1
0 72 59 92 1
0 73 59 93 1
0 74 59 94 1
0 75 59 95 1
0 76 59 96 1
0 77 59 97 1
0 78 59 98 1
0 79 59 99 1
0 80 59 100 1
0 81 59 101 1
0 82 59 102 1
0 83 59 103 1
0 84 59 104 1
0 85 59 105 1
0 86 59 106 1
0 87 59 107 1
0 88 59 108 1
0 89 59 109 1
0 90 59 110 1
0 91 59 111 1
0 92 59 112 1
0 93 59 113 1
0 94 59 114 1
0 95 59 115 1
0 96 59 116 1
0 97 59 117 1
0 98 59 118 1
0 99 59 119 1
0 100 59 120 1
0 101 59 121 1
0 102 59 122 1
0 103 59 123 1
0 104 59 124 1
0 105 59 125 1
0 106 59 126 1
0 107 59 127 1
0 108 59 128 1
0 109 59 129 1
0 110 59 130 1
0 111 59 131 1
0 112 59 132 1
0 197 59 217 1
0 198 59 218 1
0 199 59 219 1
0 200 59 220 1
0 201 59 221 1
0 202 59 222 1
0 203 59 223 1
0 204 59 224 1
0 205 59 225 1
0 206 59 226 1
0 207 59 227 1
0 208 59 228 1
0 209 59 229 1
0 210 59 230 1
0 211 59 231 1
0 212 59 232 1
0 213 59 233 1
0 214 59 234 1
0 215 59 235 1
0 216 59 236 1
0 217 59 237 1
0 218 59 238 1
0 219 59 239 1
0 220 59 240 1
0 221 59 241 1
0 222 59 242 1
0 223 59 243 1
0 224 59 244 1
0 225 59 245 1
0 226 59 246 1
0 227 59 247 1
0 228 59 248 1
0 229 59 249 1
0 230 59 250 1
0 231 59 251 1
0 232 59 252 1
0 233 59 253 1
0 234 59 254 1
0 235 59 255 1
0 236 59 256 1
0 237 59 257 1
0 238 59 258 1
0 239 59 259 1
0 240 59 260 1
0 241 59 261 1
0 242 59 262 1
0 243 59 263 1
0 244 59 264 1
0 245 59 265 1
0 246 59 266 1
0 247 59 267 1
0 248 59 268 1
0 249 59 269 1
0 250 59 270 1
0 251 59 271 1
0 252 59 272 1
0 253 59 273 1
0 254 59 274 1
0 255 59 275 1
0 256 59 276 1
0 257 59 277 1
0 258 59 278 1
0 259 59 279 1
0 260 59 280 1
0 261 59 281 1
0 262 59 282 1
0 263 59 283 1
0 264 59 284 1
0 265 59 285 1
0 266 59 286 1
0 267 59 287 1
0 268 59 288 1
0 269 59 289 1
0 270 59 290 1
0 271 59 291 1
0 272 59 292 1
0 273 59 293 1
0 274 59 294 1
0 275 59 295 1
0 276 59 296 1
0 277 59 297 1
0 278 59 298 1
0 279 59 299 1
